drops loaded: 468  (expected 468)

=== drop magnitude by player-level band (all regimes) ===
band    regime-mix                n  min  p25  p50  p75  p90   max    mean  modes
L1-2    {'R1': 27}               27    1    4    5    5   10    14    5.41  [(4, 11), (5, 9), (10, 2)]
L3-4    {'R2': 30}               30    1    4    5   10   32    37    10.6  [(5, 13), (3, 3), (4, 3)]
L5-6    {'R2': 36}               36    1    1   18   27   38   106   19.58  [(1, 11), (38, 3), (18, 2)]
L7-8    {'R2': 116}             116    1    1    9   14   39    74   13.54  [(1, 35), (10, 11), (2, 7)]
L9      {'R2': 51}               51    1    1    3   16   57   113   16.31  [(1, 22), (3, 4), (12, 4)]
L10-11  {'R2': 99, 'R3': 91}    190    1    1    1   32   91   541   27.78  [(1, 98), (2, 24), (80, 5)]
L12+    {'R3': 18}               18    1    1    1    1    1    57    6.17  [(1, 16), (38, 1), (57, 1)]

=== level transitions covered by drops ===
  level 1 R1 5
  level 2 R1 22
  level 3 R2 14
  level 4 R2 16
  level 5 R2 21
  level 6 R2 15
  level 7 R2 53
  level 8 R2 63
  level 9 R2 51
  level 10 R2 84
  level 11 R2 15
  level 11 R3 91
  level 12 R3 18

HIST L1-2   n=27  max=14
    1 | #####                                                        1
    2 | #####                                                        1
    3 |                                                              0
    4 | ############################################################ 11
    5 | #################################################            9
    6 |                                                              0
    7 |                                                              0
    8 |                                                              0
    9 | #####                                                        1
   10 | ###########                                                  2
   11 | #####                                                        1
   12 |                                                              0
   13 |                                                              0
   14 | #####                                                        1

HIST L3-4   n=30  max=37
    1 | #####                                                        1
    2 | #####                                                        1
    3 | ##############                                               3
    4 | ##############                                               3
    5 | ############################################################ 13
    6 |                                                              0
    7 |                                                              0
    8 | #####                                                        1
    9 |                                                              0
   10 | #####                                                        1
   11 |                                                              0
   12 | #####                                                        1
   13 |                                                              0
   14 |                                                              0
   15 |                                                              0
   16 |                                                              0
   17 |                                                              0
   18 |                                                              0
   19 |                                                              0
   20 |                                                              0
   21 |                                                              0
   22 |                                                              0
   23 |                                                              0
   24 |                                                              0
   25 |                                                              0
   26 |                                                              0
   27 |                                                              0
   28 | #####                                                        1
   29 |                                                              0
   30 |                                                              0
   32 | #########                                                    2
   33 | #####                                                        1
   37 | #########                                                    2

HIST L5-6   n=36  max=106
    1 | ############################################################ 11
    2 | #####                                                        1
    3 |                                                              0
    4 | #####                                                        1
    5 | #####                                                        1
    6 | #####                                                        1
    7 | #####                                                        1
    8 |                                                              0
    9 | #####                                                        1
   10 | #####                                                        1
   11 |                                                              0
   12 |                                                              0
   13 |                                                              0
   14 |                                                              0
   15 |                                                              0
   16 |                                                              0
   17 |                                                              0
   18 | ###########                                                  2
   19 | #####                                                        1
   20 | ###########                                                  2
   21 |                                                              0
   22 |                                                              0
   23 | #####                                                        1
   24 |                                                              0
   25 |                                                              0
   26 | #####                                                        1
   27 | ###########                                                  2
   28 |                                                              0
   29 |                                                              0
   30 | ###########                                                  2
   35 | ###########                                                  2
   38 | ################                                             3
  >60 | [103, 106]

HIST L7-8   n=116  max=74
    1 | ############################################################ 35
    2 | ############                                                 7
    3 |                                                              0
    4 |                                                              0
    5 |                                                              0
    6 | ###                                                          2
    7 | ############                                                 7
    8 | ##########                                                   6
    9 | ##########                                                   6
   10 | ###################                                          11
   11 | ##                                                           1
   12 | ##########                                                   6
   13 | #########                                                    5
   14 | ##                                                           1
   15 | ##                                                           1
   16 | #####                                                        3
   17 | #######                                                      4
   18 | ##                                                           1
   19 |                                                              0
   20 |                                                              0
   21 | ##                                                           1
   22 |                                                              0
   23 |                                                              0
   24 |                                                              0
   25 |                                                              0
   26 |                                                              0
   27 |                                                              0
   28 |                                                              0
   29 |                                                              0
   30 | ##                                                           1
   31 | ##                                                           1
   32 | ##                                                           1
   34 | ###                                                          2
   35 | ##                                                           1
   36 | ##                                                           1
   39 | ##                                                           1
   44 | ##                                                           1
   46 | ##                                                           1
   47 | ##                                                           1
   48 | ##                                                           1
   57 | ###                                                          2
  >60 | [65, 67, 70, 71, 74]

HIST L9   n=51  max=113
    1 | ############################################################ 22
    2 | #####                                                        2
    3 | ###########                                                  4
    4 |                                                              0
    5 |                                                              0
    6 | ###                                                          1
    7 |                                                              0
    8 |                                                              0
    9 |                                                              0
   10 | #####                                                        2
   11 | ###                                                          1
   12 | ###########                                                  4
   13 | #####                                                        2
   14 |                                                              0
   15 |                                                              0
   16 | ###                                                          1
   17 |                                                              0
   18 |                                                              0
   19 |                                                              0
   20 |                                                              0
   21 |                                                              0
   22 | ###                                                          1
   23 | ###                                                          1
   24 |                                                              0
   25 |                                                              0
   26 |                                                              0
   27 | ###                                                          1
   28 |                                                              0
   29 |                                                              0
   30 |                                                              0
   31 | ###                                                          1
   51 | #####                                                        2
   57 | ###                                                          1
   59 | ###                                                          1
  >60 | [73, 76, 84, 113]

HIST L10-11   n=190  max=541
    1 | ############################################################ 98
    2 | ###############                                              24
    3 |                                                              0
    4 | #                                                            1
    5 |                                                              0
    6 |                                                              0
    7 |                                                              0
    8 |                                                              0
    9 |                                                              0
   10 | #                                                            2
   11 | #                                                            2
   12 | #                                                            2
   13 | #                                                            1
   14 | #                                                            1
   15 | #                                                            2
   16 | ##                                                           3
   17 |                                                              0
   18 | #                                                            1
   19 | #                                                            1
   20 |                                                              0
   21 | #                                                            1
   22 |                                                              0
   23 |                                                              0
   24 |                                                              0
   25 |                                                              0
   26 |                                                              0
   27 | #                                                            1
   28 |                                                              0
   29 |                                                              0
   30 | #                                                            1
   32 | ##                                                           3
   33 | #                                                            1
   41 | #                                                            2
   42 | #                                                            1
   43 | #                                                            1
   44 | #                                                            1
   54 | #                                                            1
   57 | #                                                            1
   59 | #                                                            1
  >60 | [62, 65, 67, 71, 71, 75, 77, 80, 80, 80, 80, 80, 81, 81, 81, 81, 85, 91, 91, 91, 91, 94, 101, 108, 108, 110, 116, 117, 118, 121, 127, 136, 142, 185, 244, 304, 541]

HIST L12+   n=18  max=57
    1 | ############################################################ 16
    2 |                                                              0
    3 |                                                              0
    4 |                                                              0
    5 |                                                              0
    6 |                                                              0
    7 |                                                              0
    8 |                                                              0
    9 |                                                              0
   10 |                                                              0
   11 |                                                              0
   12 |                                                              0
   13 |                                                              0
   14 |                                                              0
   15 |                                                              0
   16 |                                                              0
   17 |                                                              0
   18 |                                                              0
   19 |                                                              0
   20 |                                                              0
   21 |                                                              0
   22 |                                                              0
   23 |                                                              0
   24 |                                                              0
   25 |                                                              0
   26 |                                                              0
   27 |                                                              0
   28 |                                                              0
   29 |                                                              0
   30 |                                                              0
   38 | ####                                                         1
   57 | ####                                                         1
