============================================================================================================
Per-roster-record: SKILL and ITEM chains scanned for characterLife* terms
============================================================================================================

   Allcadius the Unburied ~ Reflective            refs=  22  <-- LIFE TERM
        armorbase04.dbr                                      {'characterLifeModifier': [-71.0, -71.0, -71.0, -71.0, -71.0, -71.0, -71.0, -71.0, -71.0, -71.0, -71.0, -71.0, -71.0, -71.0, -71.0, -71.0, -71.0, -71.0, -71.0, -66.0, -61.0, -56.0, -51.0, -46.0, -41.0, -36.0, -31.0, -26.0, -21.0, -21.0, -18.0, -18.0, -18.0, -18.0, -18.0, -15.0, -15.0, -15.0, -15.0, -15.0, -10.0, -10.0, -10.0, -7.0, -7.0, -7.0, -4.0, -4.0, -4.0, -4.0, -2.0, -2.0, -2.0, -2.0, -2.0, -2.0, -2.0, -2.0, -2.0, -2.0, -2.0, -2.0, -2.0, -2.0, -2.0, -2.0, -2.0, -2.0, -2.0, -2.0, -2.0, -2.0, -2.0, -2.0, -2.0, -2.0, -2.0, -2.0, -2.0, -2.0, -2.0, -2.0, -2.0, -2.0, -2.0, -2.0, -2.0, -2.0, -2.0, 10.0, 12.0, 14.0, 21.0, 24.0, 28.0, 32.0, 39.0, 44.0, 51.0, 57.0, 63.0, 70.0, 78.0, 86.0, 94.0, 103.0, 111.0, 121.0, 125.0, 125.0, 129.0, 129.0, 133.0, 133.0, 133.0, 133.0, 137.0, 137.0, 141.0, 141.0, 145.0, 145.0, 149.0, 149.0, 154.0, 154.0, 159.0, 159.0, 164.0, 164.0, 169.0, 169.0, 169.0, 169.0, 169.0, 169.0, 169.0, 169.0, 169.0, 169.0, 169.0, 169.0, 169.0, 169.0, 169.0, 169.0, 169.0, 169.0, 169.0, 169.0, 169.0, 169.0, 169.0, 169.0, 169.0, 169.0, 169.0, 169.0, 169.0, 169.0, 169.0, 169.0, 169.0, 169.0, 169.0, 169.0, 169.0, 169.0, 169.0, 169.0, 169.0, 169.0, 169.0, 169.0, 169.0, 169.0, 169.0, 169.0, 169.0, 169.0, 169.0, 169.0, 169.0, 169.0, 169.0, 169.0, 169.0, 169.0, 169.0, 169.0, 169.0, 169.0, 169.0, 169.0, 169.0, 169.0, 169.0, 169.0, 169.0, 169.0]}   [['base']]

   Assassin - Fabius                              refs=  25  <-- LIFE TERM
        armorbase05.dbr                                      {'characterLifeModifier': [-71.0, -71.0, -71.0, -71.0, -71.0, -71.0, -71.0, -71.0, -71.0, -71.0, -71.0, -71.0, -71.0, -71.0, -71.0, -71.0, -71.0, -71.0, -71.0, -66.0, -61.0, -56.0, -51.0, -46.0, -41.0, -36.0, -31.0, -26.0, -21.0, -21.0, -18.0, -18.0, -18.0, -18.0, -18.0, -15.0, -15.0, -15.0, -15.0, -15.0, -10.0, -10.0, -10.0, -7.0, -7.0, -7.0, -4.0, -4.0, -4.0, -4.0, -2.0, -2.0, -2.0, -2.0, -2.0, -2.0, -2.0, -2.0, -2.0, -2.0, -2.0, -2.0, -2.0, -2.0, -2.0, -2.0, -2.0, -2.0, -2.0, -2.0, -2.0, -2.0, -2.0, -2.0, -2.0, -2.0, -2.0, -2.0, -2.0, -2.0, -2.0, -2.0, -2.0, -2.0, -2.0, -2.0, -2.0, -2.0, -2.0, 10.0, 12.0, 14.0, 21.0, 24.0, 28.0, 32.0, 39.0, 44.0, 51.0, 57.0, 63.0, 70.0, 78.0, 86.0, 94.0, 103.0, 111.0, 121.0, 125.0, 125.0, 129.0, 129.0, 133.0, 133.0, 133.0, 133.0, 137.0, 137.0, 141.0, 141.0, 145.0, 145.0, 149.0, 149.0, 154.0, 154.0, 159.0, 159.0, 164.0, 164.0, 169.0, 169.0, 169.0, 169.0, 169.0, 169.0, 169.0, 169.0, 169.0, 169.0, 169.0, 169.0, 169.0, 169.0, 169.0, 169.0, 169.0, 169.0, 169.0, 169.0, 169.0, 169.0, 169.0, 169.0, 169.0, 169.0, 169.0, 169.0, 169.0, 169.0, 169.0, 169.0, 169.0, 169.0, 169.0, 169.0, 169.0, 169.0, 169.0, 169.0, 169.0, 169.0, 169.0, 169.0, 169.0, 169.0, 169.0, 169.0, 169.0, 169.0, 169.0, 169.0, 169.0, 169.0, 169.0, 169.0, 169.0, 169.0, 169.0, 169.0, 169.0, 169.0, 169.0, 169.0, 169.0, 169.0, 169.0, 169.0, 169.0, 169.0]}   [['base']]

   Borreus the Underking                          refs=  21  <-- LIFE TERM
        armorbase05.dbr                                      {'characterLifeModifier': [-71.0, -71.0, -71.0, -71.0, -71.0, -71.0, -71.0, -71.0, -71.0, -71.0, -71.0, -71.0, -71.0, -71.0, -71.0, -71.0, -71.0, -71.0, -71.0, -66.0, -61.0, -56.0, -51.0, -46.0, -41.0, -36.0, -31.0, -26.0, -21.0, -21.0, -18.0, -18.0, -18.0, -18.0, -18.0, -15.0, -15.0, -15.0, -15.0, -15.0, -10.0, -10.0, -10.0, -7.0, -7.0, -7.0, -4.0, -4.0, -4.0, -4.0, -2.0, -2.0, -2.0, -2.0, -2.0, -2.0, -2.0, -2.0, -2.0, -2.0, -2.0, -2.0, -2.0, -2.0, -2.0, -2.0, -2.0, -2.0, -2.0, -2.0, -2.0, -2.0, -2.0, -2.0, -2.0, -2.0, -2.0, -2.0, -2.0, -2.0, -2.0, -2.0, -2.0, -2.0, -2.0, -2.0, -2.0, -2.0, -2.0, 10.0, 12.0, 14.0, 21.0, 24.0, 28.0, 32.0, 39.0, 44.0, 51.0, 57.0, 63.0, 70.0, 78.0, 86.0, 94.0, 103.0, 111.0, 121.0, 125.0, 125.0, 129.0, 129.0, 133.0, 133.0, 133.0, 133.0, 137.0, 137.0, 141.0, 141.0, 145.0, 145.0, 149.0, 149.0, 154.0, 154.0, 159.0, 159.0, 164.0, 164.0, 169.0, 169.0, 169.0, 169.0, 169.0, 169.0, 169.0, 169.0, 169.0, 169.0, 169.0, 169.0, 169.0, 169.0, 169.0, 169.0, 169.0, 169.0, 169.0, 169.0, 169.0, 169.0, 169.0, 169.0, 169.0, 169.0, 169.0, 169.0, 169.0, 169.0, 169.0, 169.0, 169.0, 169.0, 169.0, 169.0, 169.0, 169.0, 169.0, 169.0, 169.0, 169.0, 169.0, 169.0, 169.0, 169.0, 169.0, 169.0, 169.0, 169.0, 169.0, 169.0, 169.0, 169.0, 169.0, 169.0, 169.0, 169.0, 169.0, 169.0, 169.0, 169.0, 169.0, 169.0, 169.0, 169.0, 169.0, 169.0, 169.0, 169.0]}   [['base']]

   Curate Ignus                                   refs=  22  <-- LIFE TERM
        armorbase05.dbr                                      {'characterLifeModifier': [-71.0, -71.0, -71.0, -71.0, -71.0, -71.0, -71.0, -71.0, -71.0, -71.0, -71.0, -71.0, -71.0, -71.0, -71.0, -71.0, -71.0, -71.0, -71.0, -66.0, -61.0, -56.0, -51.0, -46.0, -41.0, -36.0, -31.0, -26.0, -21.0, -21.0, -18.0, -18.0, -18.0, -18.0, -18.0, -15.0, -15.0, -15.0, -15.0, -15.0, -10.0, -10.0, -10.0, -7.0, -7.0, -7.0, -4.0, -4.0, -4.0, -4.0, -2.0, -2.0, -2.0, -2.0, -2.0, -2.0, -2.0, -2.0, -2.0, -2.0, -2.0, -2.0, -2.0, -2.0, -2.0, -2.0, -2.0, -2.0, -2.0, -2.0, -2.0, -2.0, -2.0, -2.0, -2.0, -2.0, -2.0, -2.0, -2.0, -2.0, -2.0, -2.0, -2.0, -2.0, -2.0, -2.0, -2.0, -2.0, -2.0, 10.0, 12.0, 14.0, 21.0, 24.0, 28.0, 32.0, 39.0, 44.0, 51.0, 57.0, 63.0, 70.0, 78.0, 86.0, 94.0, 103.0, 111.0, 121.0, 125.0, 125.0, 129.0, 129.0, 133.0, 133.0, 133.0, 133.0, 137.0, 137.0, 141.0, 141.0, 145.0, 145.0, 149.0, 149.0, 154.0, 154.0, 159.0, 159.0, 164.0, 164.0, 169.0, 169.0, 169.0, 169.0, 169.0, 169.0, 169.0, 169.0, 169.0, 169.0, 169.0, 169.0, 169.0, 169.0, 169.0, 169.0, 169.0, 169.0, 169.0, 169.0, 169.0, 169.0, 169.0, 169.0, 169.0, 169.0, 169.0, 169.0, 169.0, 169.0, 169.0, 169.0, 169.0, 169.0, 169.0, 169.0, 169.0, 169.0, 169.0, 169.0, 169.0, 169.0, 169.0, 169.0, 169.0, 169.0, 169.0, 169.0, 169.0, 169.0, 169.0, 169.0, 169.0, 169.0, 169.0, 169.0, 169.0, 169.0, 169.0, 169.0, 169.0, 169.0, 169.0, 169.0, 169.0, 169.0, 169.0, 169.0, 169.0, 169.0]}   [['base']]

   Defiler - Benn'Jahr                            refs=  18  <-- LIFE TERM
        armorbase05.dbr                                      {'characterLifeModifier': [-71.0, -71.0, -71.0, -71.0, -71.0, -71.0, -71.0, -71.0, -71.0, -71.0, -71.0, -71.0, -71.0, -71.0, -71.0, -71.0, -71.0, -71.0, -71.0, -66.0, -61.0, -56.0, -51.0, -46.0, -41.0, -36.0, -31.0, -26.0, -21.0, -21.0, -18.0, -18.0, -18.0, -18.0, -18.0, -15.0, -15.0, -15.0, -15.0, -15.0, -10.0, -10.0, -10.0, -7.0, -7.0, -7.0, -4.0, -4.0, -4.0, -4.0, -2.0, -2.0, -2.0, -2.0, -2.0, -2.0, -2.0, -2.0, -2.0, -2.0, -2.0, -2.0, -2.0, -2.0, -2.0, -2.0, -2.0, -2.0, -2.0, -2.0, -2.0, -2.0, -2.0, -2.0, -2.0, -2.0, -2.0, -2.0, -2.0, -2.0, -2.0, -2.0, -2.0, -2.0, -2.0, -2.0, -2.0, -2.0, -2.0, 10.0, 12.0, 14.0, 21.0, 24.0, 28.0, 32.0, 39.0, 44.0, 51.0, 57.0, 63.0, 70.0, 78.0, 86.0, 94.0, 103.0, 111.0, 121.0, 125.0, 125.0, 129.0, 129.0, 133.0, 133.0, 133.0, 133.0, 137.0, 137.0, 141.0, 141.0, 145.0, 145.0, 149.0, 149.0, 154.0, 154.0, 159.0, 159.0, 164.0, 164.0, 169.0, 169.0, 169.0, 169.0, 169.0, 169.0, 169.0, 169.0, 169.0, 169.0, 169.0, 169.0, 169.0, 169.0, 169.0, 169.0, 169.0, 169.0, 169.0, 169.0, 169.0, 169.0, 169.0, 169.0, 169.0, 169.0, 169.0, 169.0, 169.0, 169.0, 169.0, 169.0, 169.0, 169.0, 169.0, 169.0, 169.0, 169.0, 169.0, 169.0, 169.0, 169.0, 169.0, 169.0, 169.0, 169.0, 169.0, 169.0, 169.0, 169.0, 169.0, 169.0, 169.0, 169.0, 169.0, 169.0, 169.0, 169.0, 169.0, 169.0, 169.0, 169.0, 169.0, 169.0, 169.0, 169.0, 169.0, 169.0, 169.0, 169.0]}   [['base']]

   Gaddo Evergrown ~ Bramble                      refs=  21  <-- LIFE TERM
        armorbase04.dbr                                      {'characterLifeModifier': [-71.0, -71.0, -71.0, -71.0, -71.0, -71.0, -71.0, -71.0, -71.0, -71.0, -71.0, -71.0, -71.0, -71.0, -71.0, -71.0, -71.0, -71.0, -71.0, -66.0, -61.0, -56.0, -51.0, -46.0, -41.0, -36.0, -31.0, -26.0, -21.0, -21.0, -18.0, -18.0, -18.0, -18.0, -18.0, -15.0, -15.0, -15.0, -15.0, -15.0, -10.0, -10.0, -10.0, -7.0, -7.0, -7.0, -4.0, -4.0, -4.0, -4.0, -2.0, -2.0, -2.0, -2.0, -2.0, -2.0, -2.0, -2.0, -2.0, -2.0, -2.0, -2.0, -2.0, -2.0, -2.0, -2.0, -2.0, -2.0, -2.0, -2.0, -2.0, -2.0, -2.0, -2.0, -2.0, -2.0, -2.0, -2.0, -2.0, -2.0, -2.0, -2.0, -2.0, -2.0, -2.0, -2.0, -2.0, -2.0, -2.0, 10.0, 12.0, 14.0, 21.0, 24.0, 28.0, 32.0, 39.0, 44.0, 51.0, 57.0, 63.0, 70.0, 78.0, 86.0, 94.0, 103.0, 111.0, 121.0, 125.0, 125.0, 129.0, 129.0, 133.0, 133.0, 133.0, 133.0, 137.0, 137.0, 141.0, 141.0, 145.0, 145.0, 149.0, 149.0, 154.0, 154.0, 159.0, 159.0, 164.0, 164.0, 169.0, 169.0, 169.0, 169.0, 169.0, 169.0, 169.0, 169.0, 169.0, 169.0, 169.0, 169.0, 169.0, 169.0, 169.0, 169.0, 169.0, 169.0, 169.0, 169.0, 169.0, 169.0, 169.0, 169.0, 169.0, 169.0, 169.0, 169.0, 169.0, 169.0, 169.0, 169.0, 169.0, 169.0, 169.0, 169.0, 169.0, 169.0, 169.0, 169.0, 169.0, 169.0, 169.0, 169.0, 169.0, 169.0, 169.0, 169.0, 169.0, 169.0, 169.0, 169.0, 169.0, 169.0, 169.0, 169.0, 169.0, 169.0, 169.0, 169.0, 169.0, 169.0, 169.0, 169.0, 169.0, 169.0, 169.0, 169.0, 169.0, 169.0]}   [['base']]

   Golem P2 - Moosilauke                          refs=  17  <-- LIFE TERM
        armorbase05.dbr                                      {'characterLifeModifier': [-71.0, -71.0, -71.0, -71.0, -71.0, -71.0, -71.0, -71.0, -71.0, -71.0, -71.0, -71.0, -71.0, -71.0, -71.0, -71.0, -71.0, -71.0, -71.0, -66.0, -61.0, -56.0, -51.0, -46.0, -41.0, -36.0, -31.0, -26.0, -21.0, -21.0, -18.0, -18.0, -18.0, -18.0, -18.0, -15.0, -15.0, -15.0, -15.0, -15.0, -10.0, -10.0, -10.0, -7.0, -7.0, -7.0, -4.0, -4.0, -4.0, -4.0, -2.0, -2.0, -2.0, -2.0, -2.0, -2.0, -2.0, -2.0, -2.0, -2.0, -2.0, -2.0, -2.0, -2.0, -2.0, -2.0, -2.0, -2.0, -2.0, -2.0, -2.0, -2.0, -2.0, -2.0, -2.0, -2.0, -2.0, -2.0, -2.0, -2.0, -2.0, -2.0, -2.0, -2.0, -2.0, -2.0, -2.0, -2.0, -2.0, 10.0, 12.0, 14.0, 21.0, 24.0, 28.0, 32.0, 39.0, 44.0, 51.0, 57.0, 63.0, 70.0, 78.0, 86.0, 94.0, 103.0, 111.0, 121.0, 125.0, 125.0, 129.0, 129.0, 133.0, 133.0, 133.0, 133.0, 137.0, 137.0, 141.0, 141.0, 145.0, 145.0, 149.0, 149.0, 154.0, 154.0, 159.0, 159.0, 164.0, 164.0, 169.0, 169.0, 169.0, 169.0, 169.0, 169.0, 169.0, 169.0, 169.0, 169.0, 169.0, 169.0, 169.0, 169.0, 169.0, 169.0, 169.0, 169.0, 169.0, 169.0, 169.0, 169.0, 169.0, 169.0, 169.0, 169.0, 169.0, 169.0, 169.0, 169.0, 169.0, 169.0, 169.0, 169.0, 169.0, 169.0, 169.0, 169.0, 169.0, 169.0, 169.0, 169.0, 169.0, 169.0, 169.0, 169.0, 169.0, 169.0, 169.0, 169.0, 169.0, 169.0, 169.0, 169.0, 169.0, 169.0, 169.0, 169.0, 169.0, 169.0, 169.0, 169.0, 169.0, 169.0, 169.0, 169.0, 169.0, 169.0, 169.0, 169.0]}   [['base']]

   Haldra the Bloodlust                           refs=  24  <-- LIFE TERM
        armorbase04.dbr                                      {'characterLifeModifier': [-71.0, -71.0, -71.0, -71.0, -71.0, -71.0, -71.0, -71.0, -71.0, -71.0, -71.0, -71.0, -71.0, -71.0, -71.0, -71.0, -71.0, -71.0, -71.0, -66.0, -61.0, -56.0, -51.0, -46.0, -41.0, -36.0, -31.0, -26.0, -21.0, -21.0, -18.0, -18.0, -18.0, -18.0, -18.0, -15.0, -15.0, -15.0, -15.0, -15.0, -10.0, -10.0, -10.0, -7.0, -7.0, -7.0, -4.0, -4.0, -4.0, -4.0, -2.0, -2.0, -2.0, -2.0, -2.0, -2.0, -2.0, -2.0, -2.0, -2.0, -2.0, -2.0, -2.0, -2.0, -2.0, -2.0, -2.0, -2.0, -2.0, -2.0, -2.0, -2.0, -2.0, -2.0, -2.0, -2.0, -2.0, -2.0, -2.0, -2.0, -2.0, -2.0, -2.0, -2.0, -2.0, -2.0, -2.0, -2.0, -2.0, 10.0, 12.0, 14.0, 21.0, 24.0, 28.0, 32.0, 39.0, 44.0, 51.0, 57.0, 63.0, 70.0, 78.0, 86.0, 94.0, 103.0, 111.0, 121.0, 125.0, 125.0, 129.0, 129.0, 133.0, 133.0, 133.0, 133.0, 137.0, 137.0, 141.0, 141.0, 145.0, 145.0, 149.0, 149.0, 154.0, 154.0, 159.0, 159.0, 164.0, 164.0, 169.0, 169.0, 169.0, 169.0, 169.0, 169.0, 169.0, 169.0, 169.0, 169.0, 169.0, 169.0, 169.0, 169.0, 169.0, 169.0, 169.0, 169.0, 169.0, 169.0, 169.0, 169.0, 169.0, 169.0, 169.0, 169.0, 169.0, 169.0, 169.0, 169.0, 169.0, 169.0, 169.0, 169.0, 169.0, 169.0, 169.0, 169.0, 169.0, 169.0, 169.0, 169.0, 169.0, 169.0, 169.0, 169.0, 169.0, 169.0, 169.0, 169.0, 169.0, 169.0, 169.0, 169.0, 169.0, 169.0, 169.0, 169.0, 169.0, 169.0, 169.0, 169.0, 169.0, 169.0, 169.0, 169.0, 169.0, 169.0, 169.0, 169.0]}   [['base']]

   Heavy - The Iron Maiden                        refs=  25  <-- LIFE TERM
        armorbase06.dbr                                      {'characterLifeModifier': [-71.0, -71.0, -71.0, -71.0, -71.0, -71.0, -71.0, -71.0, -71.0, -71.0, -71.0, -71.0, -71.0, -71.0, -71.0, -71.0, -71.0, -71.0, -71.0, -66.0, -61.0, -56.0, -51.0, -46.0, -41.0, -36.0, -31.0, -26.0, -21.0, -21.0, -18.0, -18.0, -18.0, -18.0, -18.0, -15.0, -15.0, -15.0, -15.0, -15.0, -10.0, -10.0, -10.0, -7.0, -7.0, -7.0, -4.0, -4.0, -4.0, -4.0, -2.0, -2.0, -2.0, -2.0, -2.0, -2.0, -2.0, -2.0, -2.0, -2.0, -2.0, -2.0, -2.0, -2.0, -2.0, -2.0, -2.0, -2.0, -2.0, -2.0, -2.0, -2.0, -2.0, -2.0, -2.0, -2.0, -2.0, -2.0, -2.0, -2.0, -2.0, -2.0, -2.0, -2.0, -2.0, -2.0, -2.0, -2.0, -2.0, 10.0, 12.0, 14.0, 21.0, 24.0, 28.0, 32.0, 39.0, 44.0, 51.0, 57.0, 63.0, 70.0, 78.0, 86.0, 94.0, 103.0, 111.0, 121.0, 125.0, 125.0, 129.0, 129.0, 133.0, 133.0, 133.0, 133.0, 137.0, 137.0, 141.0, 141.0, 145.0, 145.0, 149.0, 149.0, 154.0, 154.0, 159.0, 159.0, 164.0, 164.0, 169.0, 169.0, 169.0, 169.0, 169.0, 169.0, 169.0, 169.0, 169.0, 169.0, 169.0, 169.0, 169.0, 169.0, 169.0, 169.0, 169.0, 169.0, 169.0, 169.0, 169.0, 169.0, 169.0, 169.0, 169.0, 169.0, 169.0, 169.0, 169.0, 169.0, 169.0, 169.0, 169.0, 169.0, 169.0, 169.0, 169.0, 169.0, 169.0, 169.0, 169.0, 169.0, 169.0, 169.0, 169.0, 169.0, 169.0, 169.0, 169.0, 169.0, 169.0, 169.0, 169.0, 169.0, 169.0, 169.0, 169.0, 169.0, 169.0, 169.0, 169.0, 169.0, 169.0, 169.0, 169.0, 169.0, 169.0, 169.0, 169.0, 169.0]}   [['base']]

   Korvaak's Tomb Guardian                        refs=  18  <-- LIFE TERM
        armorbase05.dbr                                      {'characterLifeModifier': [-71.0, -71.0, -71.0, -71.0, -71.0, -71.0, -71.0, -71.0, -71.0, -71.0, -71.0, -71.0, -71.0, -71.0, -71.0, -71.0, -71.0, -71.0, -71.0, -66.0, -61.0, -56.0, -51.0, -46.0, -41.0, -36.0, -31.0, -26.0, -21.0, -21.0, -18.0, -18.0, -18.0, -18.0, -18.0, -15.0, -15.0, -15.0, -15.0, -15.0, -10.0, -10.0, -10.0, -7.0, -7.0, -7.0, -4.0, -4.0, -4.0, -4.0, -2.0, -2.0, -2.0, -2.0, -2.0, -2.0, -2.0, -2.0, -2.0, -2.0, -2.0, -2.0, -2.0, -2.0, -2.0, -2.0, -2.0, -2.0, -2.0, -2.0, -2.0, -2.0, -2.0, -2.0, -2.0, -2.0, -2.0, -2.0, -2.0, -2.0, -2.0, -2.0, -2.0, -2.0, -2.0, -2.0, -2.0, -2.0, -2.0, 10.0, 12.0, 14.0, 21.0, 24.0, 28.0, 32.0, 39.0, 44.0, 51.0, 57.0, 63.0, 70.0, 78.0, 86.0, 94.0, 103.0, 111.0, 121.0, 125.0, 125.0, 129.0, 129.0, 133.0, 133.0, 133.0, 133.0, 137.0, 137.0, 141.0, 141.0, 145.0, 145.0, 149.0, 149.0, 154.0, 154.0, 159.0, 159.0, 164.0, 164.0, 169.0, 169.0, 169.0, 169.0, 169.0, 169.0, 169.0, 169.0, 169.0, 169.0, 169.0, 169.0, 169.0, 169.0, 169.0, 169.0, 169.0, 169.0, 169.0, 169.0, 169.0, 169.0, 169.0, 169.0, 169.0, 169.0, 169.0, 169.0, 169.0, 169.0, 169.0, 169.0, 169.0, 169.0, 169.0, 169.0, 169.0, 169.0, 169.0, 169.0, 169.0, 169.0, 169.0, 169.0, 169.0, 169.0, 169.0, 169.0, 169.0, 169.0, 169.0, 169.0, 169.0, 169.0, 169.0, 169.0, 169.0, 169.0, 169.0, 169.0, 169.0, 169.0, 169.0, 169.0, 169.0, 169.0, 169.0, 169.0, 169.0, 169.0]}   [['base']]

   Necromancer - Zantarin                         refs=  27  <-- LIFE TERM
        armorbase05.dbr                                      {'characterLifeModifier': [-71.0, -71.0, -71.0, -71.0, -71.0, -71.0, -71.0, -71.0, -71.0, -71.0, -71.0, -71.0, -71.0, -71.0, -71.0, -71.0, -71.0, -71.0, -71.0, -66.0, -61.0, -56.0, -51.0, -46.0, -41.0, -36.0, -31.0, -26.0, -21.0, -21.0, -18.0, -18.0, -18.0, -18.0, -18.0, -15.0, -15.0, -15.0, -15.0, -15.0, -10.0, -10.0, -10.0, -7.0, -7.0, -7.0, -4.0, -4.0, -4.0, -4.0, -2.0, -2.0, -2.0, -2.0, -2.0, -2.0, -2.0, -2.0, -2.0, -2.0, -2.0, -2.0, -2.0, -2.0, -2.0, -2.0, -2.0, -2.0, -2.0, -2.0, -2.0, -2.0, -2.0, -2.0, -2.0, -2.0, -2.0, -2.0, -2.0, -2.0, -2.0, -2.0, -2.0, -2.0, -2.0, -2.0, -2.0, -2.0, -2.0, 10.0, 12.0, 14.0, 21.0, 24.0, 28.0, 32.0, 39.0, 44.0, 51.0, 57.0, 63.0, 70.0, 78.0, 86.0, 94.0, 103.0, 111.0, 121.0, 125.0, 125.0, 129.0, 129.0, 133.0, 133.0, 133.0, 133.0, 137.0, 137.0, 141.0, 141.0, 145.0, 145.0, 149.0, 149.0, 154.0, 154.0, 159.0, 159.0, 164.0, 164.0, 169.0, 169.0, 169.0, 169.0, 169.0, 169.0, 169.0, 169.0, 169.0, 169.0, 169.0, 169.0, 169.0, 169.0, 169.0, 169.0, 169.0, 169.0, 169.0, 169.0, 169.0, 169.0, 169.0, 169.0, 169.0, 169.0, 169.0, 169.0, 169.0, 169.0, 169.0, 169.0, 169.0, 169.0, 169.0, 169.0, 169.0, 169.0, 169.0, 169.0, 169.0, 169.0, 169.0, 169.0, 169.0, 169.0, 169.0, 169.0, 169.0, 169.0, 169.0, 169.0, 169.0, 169.0, 169.0, 169.0, 169.0, 169.0, 169.0, 169.0, 169.0, 169.0, 169.0, 169.0, 169.0, 169.0, 169.0, 169.0, 169.0, 169.0]}   [['base']]

   Palros Protector of the Pack ~ Defender        refs=  22  <-- LIFE TERM
        armorbase04.dbr                                      {'characterLifeModifier': [-71.0, -71.0, -71.0, -71.0, -71.0, -71.0, -71.0, -71.0, -71.0, -71.0, -71.0, -71.0, -71.0, -71.0, -71.0, -71.0, -71.0, -71.0, -71.0, -66.0, -61.0, -56.0, -51.0, -46.0, -41.0, -36.0, -31.0, -26.0, -21.0, -21.0, -18.0, -18.0, -18.0, -18.0, -18.0, -15.0, -15.0, -15.0, -15.0, -15.0, -10.0, -10.0, -10.0, -7.0, -7.0, -7.0, -4.0, -4.0, -4.0, -4.0, -2.0, -2.0, -2.0, -2.0, -2.0, -2.0, -2.0, -2.0, -2.0, -2.0, -2.0, -2.0, -2.0, -2.0, -2.0, -2.0, -2.0, -2.0, -2.0, -2.0, -2.0, -2.0, -2.0, -2.0, -2.0, -2.0, -2.0, -2.0, -2.0, -2.0, -2.0, -2.0, -2.0, -2.0, -2.0, -2.0, -2.0, -2.0, -2.0, 10.0, 12.0, 14.0, 21.0, 24.0, 28.0, 32.0, 39.0, 44.0, 51.0, 57.0, 63.0, 70.0, 78.0, 86.0, 94.0, 103.0, 111.0, 121.0, 125.0, 125.0, 129.0, 129.0, 133.0, 133.0, 133.0, 133.0, 137.0, 137.0, 141.0, 141.0, 145.0, 145.0, 149.0, 149.0, 154.0, 154.0, 159.0, 159.0, 164.0, 164.0, 169.0, 169.0, 169.0, 169.0, 169.0, 169.0, 169.0, 169.0, 169.0, 169.0, 169.0, 169.0, 169.0, 169.0, 169.0, 169.0, 169.0, 169.0, 169.0, 169.0, 169.0, 169.0, 169.0, 169.0, 169.0, 169.0, 169.0, 169.0, 169.0, 169.0, 169.0, 169.0, 169.0, 169.0, 169.0, 169.0, 169.0, 169.0, 169.0, 169.0, 169.0, 169.0, 169.0, 169.0, 169.0, 169.0, 169.0, 169.0, 169.0, 169.0, 169.0, 169.0, 169.0, 169.0, 169.0, 169.0, 169.0, 169.0, 169.0, 169.0, 169.0, 169.0, 169.0, 169.0, 169.0, 169.0, 169.0, 169.0, 169.0, 169.0]}   [['base']]

   Raddoth                                        refs=  18  <-- LIFE TERM
        armorbase05.dbr                                      {'characterLifeModifier': [-71.0, -71.0, -71.0, -71.0, -71.0, -71.0, -71.0, -71.0, -71.0, -71.0, -71.0, -71.0, -71.0, -71.0, -71.0, -71.0, -71.0, -71.0, -71.0, -66.0, -61.0, -56.0, -51.0, -46.0, -41.0, -36.0, -31.0, -26.0, -21.0, -21.0, -18.0, -18.0, -18.0, -18.0, -18.0, -15.0, -15.0, -15.0, -15.0, -15.0, -10.0, -10.0, -10.0, -7.0, -7.0, -7.0, -4.0, -4.0, -4.0, -4.0, -2.0, -2.0, -2.0, -2.0, -2.0, -2.0, -2.0, -2.0, -2.0, -2.0, -2.0, -2.0, -2.0, -2.0, -2.0, -2.0, -2.0, -2.0, -2.0, -2.0, -2.0, -2.0, -2.0, -2.0, -2.0, -2.0, -2.0, -2.0, -2.0, -2.0, -2.0, -2.0, -2.0, -2.0, -2.0, -2.0, -2.0, -2.0, -2.0, 10.0, 12.0, 14.0, 21.0, 24.0, 28.0, 32.0, 39.0, 44.0, 51.0, 57.0, 63.0, 70.0, 78.0, 86.0, 94.0, 103.0, 111.0, 121.0, 125.0, 125.0, 129.0, 129.0, 133.0, 133.0, 133.0, 133.0, 137.0, 137.0, 141.0, 141.0, 145.0, 145.0, 149.0, 149.0, 154.0, 154.0, 159.0, 159.0, 164.0, 164.0, 169.0, 169.0, 169.0, 169.0, 169.0, 169.0, 169.0, 169.0, 169.0, 169.0, 169.0, 169.0, 169.0, 169.0, 169.0, 169.0, 169.0, 169.0, 169.0, 169.0, 169.0, 169.0, 169.0, 169.0, 169.0, 169.0, 169.0, 169.0, 169.0, 169.0, 169.0, 169.0, 169.0, 169.0, 169.0, 169.0, 169.0, 169.0, 169.0, 169.0, 169.0, 169.0, 169.0, 169.0, 169.0, 169.0, 169.0, 169.0, 169.0, 169.0, 169.0, 169.0, 169.0, 169.0, 169.0, 169.0, 169.0, 169.0, 169.0, 169.0, 169.0, 169.0, 169.0, 169.0, 169.0, 169.0, 169.0, 169.0, 169.0, 169.0]}   [['base']]

   Reanimator - Valdaran                          refs=  22  <-- LIFE TERM
        armorbase05.dbr                                      {'characterLifeModifier': [-71.0, -71.0, -71.0, -71.0, -71.0, -71.0, -71.0, -71.0, -71.0, -71.0, -71.0, -71.0, -71.0, -71.0, -71.0, -71.0, -71.0, -71.0, -71.0, -66.0, -61.0, -56.0, -51.0, -46.0, -41.0, -36.0, -31.0, -26.0, -21.0, -21.0, -18.0, -18.0, -18.0, -18.0, -18.0, -15.0, -15.0, -15.0, -15.0, -15.0, -10.0, -10.0, -10.0, -7.0, -7.0, -7.0, -4.0, -4.0, -4.0, -4.0, -2.0, -2.0, -2.0, -2.0, -2.0, -2.0, -2.0, -2.0, -2.0, -2.0, -2.0, -2.0, -2.0, -2.0, -2.0, -2.0, -2.0, -2.0, -2.0, -2.0, -2.0, -2.0, -2.0, -2.0, -2.0, -2.0, -2.0, -2.0, -2.0, -2.0, -2.0, -2.0, -2.0, -2.0, -2.0, -2.0, -2.0, -2.0, -2.0, 10.0, 12.0, 14.0, 21.0, 24.0, 28.0, 32.0, 39.0, 44.0, 51.0, 57.0, 63.0, 70.0, 78.0, 86.0, 94.0, 103.0, 111.0, 121.0, 125.0, 125.0, 129.0, 129.0, 133.0, 133.0, 133.0, 133.0, 137.0, 137.0, 141.0, 141.0, 145.0, 145.0, 149.0, 149.0, 154.0, 154.0, 159.0, 159.0, 164.0, 164.0, 169.0, 169.0, 169.0, 169.0, 169.0, 169.0, 169.0, 169.0, 169.0, 169.0, 169.0, 169.0, 169.0, 169.0, 169.0, 169.0, 169.0, 169.0, 169.0, 169.0, 169.0, 169.0, 169.0, 169.0, 169.0, 169.0, 169.0, 169.0, 169.0, 169.0, 169.0, 169.0, 169.0, 169.0, 169.0, 169.0, 169.0, 169.0, 169.0, 169.0, 169.0, 169.0, 169.0, 169.0, 169.0, 169.0, 169.0, 169.0, 169.0, 169.0, 169.0, 169.0, 169.0, 169.0, 169.0, 169.0, 169.0, 169.0, 169.0, 169.0, 169.0, 169.0, 169.0, 169.0, 169.0, 169.0, 169.0, 169.0, 169.0, 169.0]}   [['base']]

   Reaper of Rot                                  refs=  18  <-- LIFE TERM
        armorbase05.dbr                                      {'characterLifeModifier': [-71.0, -71.0, -71.0, -71.0, -71.0, -71.0, -71.0, -71.0, -71.0, -71.0, -71.0, -71.0, -71.0, -71.0, -71.0, -71.0, -71.0, -71.0, -71.0, -66.0, -61.0, -56.0, -51.0, -46.0, -41.0, -36.0, -31.0, -26.0, -21.0, -21.0, -18.0, -18.0, -18.0, -18.0, -18.0, -15.0, -15.0, -15.0, -15.0, -15.0, -10.0, -10.0, -10.0, -7.0, -7.0, -7.0, -4.0, -4.0, -4.0, -4.0, -2.0, -2.0, -2.0, -2.0, -2.0, -2.0, -2.0, -2.0, -2.0, -2.0, -2.0, -2.0, -2.0, -2.0, -2.0, -2.0, -2.0, -2.0, -2.0, -2.0, -2.0, -2.0, -2.0, -2.0, -2.0, -2.0, -2.0, -2.0, -2.0, -2.0, -2.0, -2.0, -2.0, -2.0, -2.0, -2.0, -2.0, -2.0, -2.0, 10.0, 12.0, 14.0, 21.0, 24.0, 28.0, 32.0, 39.0, 44.0, 51.0, 57.0, 63.0, 70.0, 78.0, 86.0, 94.0, 103.0, 111.0, 121.0, 125.0, 125.0, 129.0, 129.0, 133.0, 133.0, 133.0, 133.0, 137.0, 137.0, 141.0, 141.0, 145.0, 145.0, 149.0, 149.0, 154.0, 154.0, 159.0, 159.0, 164.0, 164.0, 169.0, 169.0, 169.0, 169.0, 169.0, 169.0, 169.0, 169.0, 169.0, 169.0, 169.0, 169.0, 169.0, 169.0, 169.0, 169.0, 169.0, 169.0, 169.0, 169.0, 169.0, 169.0, 169.0, 169.0, 169.0, 169.0, 169.0, 169.0, 169.0, 169.0, 169.0, 169.0, 169.0, 169.0, 169.0, 169.0, 169.0, 169.0, 169.0, 169.0, 169.0, 169.0, 169.0, 169.0, 169.0, 169.0, 169.0, 169.0, 169.0, 169.0, 169.0, 169.0, 169.0, 169.0, 169.0, 169.0, 169.0, 169.0, 169.0, 169.0, 169.0, 169.0, 169.0, 169.0, 169.0, 169.0, 169.0, 169.0, 169.0, 169.0]}   [['base']]

   Shriek                                         refs=  21  <-- LIFE TERM
        armorbase05.dbr                                      {'characterLifeModifier': [-71.0, -71.0, -71.0, -71.0, -71.0, -71.0, -71.0, -71.0, -71.0, -71.0, -71.0, -71.0, -71.0, -71.0, -71.0, -71.0, -71.0, -71.0, -71.0, -66.0, -61.0, -56.0, -51.0, -46.0, -41.0, -36.0, -31.0, -26.0, -21.0, -21.0, -18.0, -18.0, -18.0, -18.0, -18.0, -15.0, -15.0, -15.0, -15.0, -15.0, -10.0, -10.0, -10.0, -7.0, -7.0, -7.0, -4.0, -4.0, -4.0, -4.0, -2.0, -2.0, -2.0, -2.0, -2.0, -2.0, -2.0, -2.0, -2.0, -2.0, -2.0, -2.0, -2.0, -2.0, -2.0, -2.0, -2.0, -2.0, -2.0, -2.0, -2.0, -2.0, -2.0, -2.0, -2.0, -2.0, -2.0, -2.0, -2.0, -2.0, -2.0, -2.0, -2.0, -2.0, -2.0, -2.0, -2.0, -2.0, -2.0, 10.0, 12.0, 14.0, 21.0, 24.0, 28.0, 32.0, 39.0, 44.0, 51.0, 57.0, 63.0, 70.0, 78.0, 86.0, 94.0, 103.0, 111.0, 121.0, 125.0, 125.0, 129.0, 129.0, 133.0, 133.0, 133.0, 133.0, 137.0, 137.0, 141.0, 141.0, 145.0, 145.0, 149.0, 149.0, 154.0, 154.0, 159.0, 159.0, 164.0, 164.0, 169.0, 169.0, 169.0, 169.0, 169.0, 169.0, 169.0, 169.0, 169.0, 169.0, 169.0, 169.0, 169.0, 169.0, 169.0, 169.0, 169.0, 169.0, 169.0, 169.0, 169.0, 169.0, 169.0, 169.0, 169.0, 169.0, 169.0, 169.0, 169.0, 169.0, 169.0, 169.0, 169.0, 169.0, 169.0, 169.0, 169.0, 169.0, 169.0, 169.0, 169.0, 169.0, 169.0, 169.0, 169.0, 169.0, 169.0, 169.0, 169.0, 169.0, 169.0, 169.0, 169.0, 169.0, 169.0, 169.0, 169.0, 169.0, 169.0, 169.0, 169.0, 169.0, 169.0, 169.0, 169.0, 169.0, 169.0, 169.0, 169.0, 169.0]}   [['base']]

   Ulda Emberclaw                                 refs=  22  <-- LIFE TERM
        armorbase04.dbr                                      {'characterLifeModifier': [-71.0, -71.0, -71.0, -71.0, -71.0, -71.0, -71.0, -71.0, -71.0, -71.0, -71.0, -71.0, -71.0, -71.0, -71.0, -71.0, -71.0, -71.0, -71.0, -66.0, -61.0, -56.0, -51.0, -46.0, -41.0, -36.0, -31.0, -26.0, -21.0, -21.0, -18.0, -18.0, -18.0, -18.0, -18.0, -15.0, -15.0, -15.0, -15.0, -15.0, -10.0, -10.0, -10.0, -7.0, -7.0, -7.0, -4.0, -4.0, -4.0, -4.0, -2.0, -2.0, -2.0, -2.0, -2.0, -2.0, -2.0, -2.0, -2.0, -2.0, -2.0, -2.0, -2.0, -2.0, -2.0, -2.0, -2.0, -2.0, -2.0, -2.0, -2.0, -2.0, -2.0, -2.0, -2.0, -2.0, -2.0, -2.0, -2.0, -2.0, -2.0, -2.0, -2.0, -2.0, -2.0, -2.0, -2.0, -2.0, -2.0, 10.0, 12.0, 14.0, 21.0, 24.0, 28.0, 32.0, 39.0, 44.0, 51.0, 57.0, 63.0, 70.0, 78.0, 86.0, 94.0, 103.0, 111.0, 121.0, 125.0, 125.0, 129.0, 129.0, 133.0, 133.0, 133.0, 133.0, 137.0, 137.0, 141.0, 141.0, 145.0, 145.0, 149.0, 149.0, 154.0, 154.0, 159.0, 159.0, 164.0, 164.0, 169.0, 169.0, 169.0, 169.0, 169.0, 169.0, 169.0, 169.0, 169.0, 169.0, 169.0, 169.0, 169.0, 169.0, 169.0, 169.0, 169.0, 169.0, 169.0, 169.0, 169.0, 169.0, 169.0, 169.0, 169.0, 169.0, 169.0, 169.0, 169.0, 169.0, 169.0, 169.0, 169.0, 169.0, 169.0, 169.0, 169.0, 169.0, 169.0, 169.0, 169.0, 169.0, 169.0, 169.0, 169.0, 169.0, 169.0, 169.0, 169.0, 169.0, 169.0, 169.0, 169.0, 169.0, 169.0, 169.0, 169.0, 169.0, 169.0, 169.0, 169.0, 169.0, 169.0, 169.0, 169.0, 169.0, 169.0, 169.0, 169.0, 169.0]}   [['base']]

   Vinn the Giant Ozmald                          refs=  17  <-- LIFE TERM
        armorbase05.dbr                                      {'characterLifeModifier': [-71.0, -71.0, -71.0, -71.0, -71.0, -71.0, -71.0, -71.0, -71.0, -71.0, -71.0, -71.0, -71.0, -71.0, -71.0, -71.0, -71.0, -71.0, -71.0, -66.0, -61.0, -56.0, -51.0, -46.0, -41.0, -36.0, -31.0, -26.0, -21.0, -21.0, -18.0, -18.0, -18.0, -18.0, -18.0, -15.0, -15.0, -15.0, -15.0, -15.0, -10.0, -10.0, -10.0, -7.0, -7.0, -7.0, -4.0, -4.0, -4.0, -4.0, -2.0, -2.0, -2.0, -2.0, -2.0, -2.0, -2.0, -2.0, -2.0, -2.0, -2.0, -2.0, -2.0, -2.0, -2.0, -2.0, -2.0, -2.0, -2.0, -2.0, -2.0, -2.0, -2.0, -2.0, -2.0, -2.0, -2.0, -2.0, -2.0, -2.0, -2.0, -2.0, -2.0, -2.0, -2.0, -2.0, -2.0, -2.0, -2.0, 10.0, 12.0, 14.0, 21.0, 24.0, 28.0, 32.0, 39.0, 44.0, 51.0, 57.0, 63.0, 70.0, 78.0, 86.0, 94.0, 103.0, 111.0, 121.0, 125.0, 125.0, 129.0, 129.0, 133.0, 133.0, 133.0, 133.0, 137.0, 137.0, 141.0, 141.0, 145.0, 145.0, 149.0, 149.0, 154.0, 154.0, 159.0, 159.0, 164.0, 164.0, 169.0, 169.0, 169.0, 169.0, 169.0, 169.0, 169.0, 169.0, 169.0, 169.0, 169.0, 169.0, 169.0, 169.0, 169.0, 169.0, 169.0, 169.0, 169.0, 169.0, 169.0, 169.0, 169.0, 169.0, 169.0, 169.0, 169.0, 169.0, 169.0, 169.0, 169.0, 169.0, 169.0, 169.0, 169.0, 169.0, 169.0, 169.0, 169.0, 169.0, 169.0, 169.0, 169.0, 169.0, 169.0, 169.0, 169.0, 169.0, 169.0, 169.0, 169.0, 169.0, 169.0, 169.0, 169.0, 169.0, 169.0, 169.0, 169.0, 169.0, 169.0, 169.0, 169.0, 169.0, 169.0, 169.0, 169.0, 169.0, 169.0, 169.0]}   [['base']]

   aetherialcolossus_galakros.dbr                 refs=  22  <-- LIFE TERM
        armorbase05.dbr                                      {'characterLifeModifier': [-71.0, -71.0, -71.0, -71.0, -71.0, -71.0, -71.0, -71.0, -71.0, -71.0, -71.0, -71.0, -71.0, -71.0, -71.0, -71.0, -71.0, -71.0, -71.0, -66.0, -61.0, -56.0, -51.0, -46.0, -41.0, -36.0, -31.0, -26.0, -21.0, -21.0, -18.0, -18.0, -18.0, -18.0, -18.0, -15.0, -15.0, -15.0, -15.0, -15.0, -10.0, -10.0, -10.0, -7.0, -7.0, -7.0, -4.0, -4.0, -4.0, -4.0, -2.0, -2.0, -2.0, -2.0, -2.0, -2.0, -2.0, -2.0, -2.0, -2.0, -2.0, -2.0, -2.0, -2.0, -2.0, -2.0, -2.0, -2.0, -2.0, -2.0, -2.0, -2.0, -2.0, -2.0, -2.0, -2.0, -2.0, -2.0, -2.0, -2.0, -2.0, -2.0, -2.0, -2.0, -2.0, -2.0, -2.0, -2.0, -2.0, 10.0, 12.0, 14.0, 21.0, 24.0, 28.0, 32.0, 39.0, 44.0, 51.0, 57.0, 63.0, 70.0, 78.0, 86.0, 94.0, 103.0, 111.0, 121.0, 125.0, 125.0, 129.0, 129.0, 133.0, 133.0, 133.0, 133.0, 137.0, 137.0, 141.0, 141.0, 145.0, 145.0, 149.0, 149.0, 154.0, 154.0, 159.0, 159.0, 164.0, 164.0, 169.0, 169.0, 169.0, 169.0, 169.0, 169.0, 169.0, 169.0, 169.0, 169.0, 169.0, 169.0, 169.0, 169.0, 169.0, 169.0, 169.0, 169.0, 169.0, 169.0, 169.0, 169.0, 169.0, 169.0, 169.0, 169.0, 169.0, 169.0, 169.0, 169.0, 169.0, 169.0, 169.0, 169.0, 169.0, 169.0, 169.0, 169.0, 169.0, 169.0, 169.0, 169.0, 169.0, 169.0, 169.0, 169.0, 169.0, 169.0, 169.0, 169.0, 169.0, 169.0, 169.0, 169.0, 169.0, 169.0, 169.0, 169.0, 169.0, 169.0, 169.0, 169.0, 169.0, 169.0, 169.0, 169.0, 169.0, 169.0, 169.0, 169.0]}   [['base']]

   nemesis_aetherialvanguard_01.dbr               refs=  25  <-- LIFE TERM
        armorbase05.dbr                                      {'characterLifeModifier': [-71.0, -71.0, -71.0, -71.0, -71.0, -71.0, -71.0, -71.0, -71.0, -71.0, -71.0, -71.0, -71.0, -71.0, -71.0, -71.0, -71.0, -71.0, -71.0, -66.0, -61.0, -56.0, -51.0, -46.0, -41.0, -36.0, -31.0, -26.0, -21.0, -21.0, -18.0, -18.0, -18.0, -18.0, -18.0, -15.0, -15.0, -15.0, -15.0, -15.0, -10.0, -10.0, -10.0, -7.0, -7.0, -7.0, -4.0, -4.0, -4.0, -4.0, -2.0, -2.0, -2.0, -2.0, -2.0, -2.0, -2.0, -2.0, -2.0, -2.0, -2.0, -2.0, -2.0, -2.0, -2.0, -2.0, -2.0, -2.0, -2.0, -2.0, -2.0, -2.0, -2.0, -2.0, -2.0, -2.0, -2.0, -2.0, -2.0, -2.0, -2.0, -2.0, -2.0, -2.0, -2.0, -2.0, -2.0, -2.0, -2.0, 10.0, 12.0, 14.0, 21.0, 24.0, 28.0, 32.0, 39.0, 44.0, 51.0, 57.0, 63.0, 70.0, 78.0, 86.0, 94.0, 103.0, 111.0, 121.0, 125.0, 125.0, 129.0, 129.0, 133.0, 133.0, 133.0, 133.0, 137.0, 137.0, 141.0, 141.0, 145.0, 145.0, 149.0, 149.0, 154.0, 154.0, 159.0, 159.0, 164.0, 164.0, 169.0, 169.0, 169.0, 169.0, 169.0, 169.0, 169.0, 169.0, 169.0, 169.0, 169.0, 169.0, 169.0, 169.0, 169.0, 169.0, 169.0, 169.0, 169.0, 169.0, 169.0, 169.0, 169.0, 169.0, 169.0, 169.0, 169.0, 169.0, 169.0, 169.0, 169.0, 169.0, 169.0, 169.0, 169.0, 169.0, 169.0, 169.0, 169.0, 169.0, 169.0, 169.0, 169.0, 169.0, 169.0, 169.0, 169.0, 169.0, 169.0, 169.0, 169.0, 169.0, 169.0, 169.0, 169.0, 169.0, 169.0, 169.0, 169.0, 169.0, 169.0, 169.0, 169.0, 169.0, 169.0, 169.0, 169.0, 169.0, 169.0, 169.0]}   [['base']]

   nemesis_beast_01_p1.dbr                        refs=  14  <-- LIFE TERM
        armorbase05.dbr                                      {'characterLifeModifier': [-71.0, -71.0, -71.0, -71.0, -71.0, -71.0, -71.0, -71.0, -71.0, -71.0, -71.0, -71.0, -71.0, -71.0, -71.0, -71.0, -71.0, -71.0, -71.0, -66.0, -61.0, -56.0, -51.0, -46.0, -41.0, -36.0, -31.0, -26.0, -21.0, -21.0, -18.0, -18.0, -18.0, -18.0, -18.0, -15.0, -15.0, -15.0, -15.0, -15.0, -10.0, -10.0, -10.0, -7.0, -7.0, -7.0, -4.0, -4.0, -4.0, -4.0, -2.0, -2.0, -2.0, -2.0, -2.0, -2.0, -2.0, -2.0, -2.0, -2.0, -2.0, -2.0, -2.0, -2.0, -2.0, -2.0, -2.0, -2.0, -2.0, -2.0, -2.0, -2.0, -2.0, -2.0, -2.0, -2.0, -2.0, -2.0, -2.0, -2.0, -2.0, -2.0, -2.0, -2.0, -2.0, -2.0, -2.0, -2.0, -2.0, 10.0, 12.0, 14.0, 21.0, 24.0, 28.0, 32.0, 39.0, 44.0, 51.0, 57.0, 63.0, 70.0, 78.0, 86.0, 94.0, 103.0, 111.0, 121.0, 125.0, 125.0, 129.0, 129.0, 133.0, 133.0, 133.0, 133.0, 137.0, 137.0, 141.0, 141.0, 145.0, 145.0, 149.0, 149.0, 154.0, 154.0, 159.0, 159.0, 164.0, 164.0, 169.0, 169.0, 169.0, 169.0, 169.0, 169.0, 169.0, 169.0, 169.0, 169.0, 169.0, 169.0, 169.0, 169.0, 169.0, 169.0, 169.0, 169.0, 169.0, 169.0, 169.0, 169.0, 169.0, 169.0, 169.0, 169.0, 169.0, 169.0, 169.0, 169.0, 169.0, 169.0, 169.0, 169.0, 169.0, 169.0, 169.0, 169.0, 169.0, 169.0, 169.0, 169.0, 169.0, 169.0, 169.0, 169.0, 169.0, 169.0, 169.0, 169.0, 169.0, 169.0, 169.0, 169.0, 169.0, 169.0, 169.0, 169.0, 169.0, 169.0, 169.0, 169.0, 169.0, 169.0, 169.0, 169.0, 169.0, 169.0, 169.0, 169.0]}   [['base']]

   nemesis_chthonianvoidborn_01.dbr               refs=  22  <-- LIFE TERM
        chthonian02_auraofoppression_buff.dbr                {'characterLifeModifier': [-13.0, -13.0, -13.0, -13.0, -13.0, -13.0, -13.0, -13.0, -13.0, -13.0, -13.0, -13.0, -13.0, -13.0, -13.0, -28.0, -28.0, -28.0, -28.0, -28.0, -28.0, -28.0, -28.0, -28.0, -28.0, -28.0, -28.0, -28.0, -28.0, -28.0, -28.0, -28.0, -28.0, -28.0, -28.0, -28.0, -28.0, -28.0, -28.0, -28.0, -28.0, -28.0, -28.0, -28.0, -28.0, -28.0, -28.0, -28.0, -28.0, -28.0, -28.0, -28.0, -28.0, -28.0, -28.0, -28.0, -28.0, -28.0, -28.0, -28.0]}   [['gdx1', 'sm1']]
        armorbase05.dbr                                      {'characterLifeModifier': [-71.0, -71.0, -71.0, -71.0, -71.0, -71.0, -71.0, -71.0, -71.0, -71.0, -71.0, -71.0, -71.0, -71.0, -71.0, -71.0, -71.0, -71.0, -71.0, -66.0, -61.0, -56.0, -51.0, -46.0, -41.0, -36.0, -31.0, -26.0, -21.0, -21.0, -18.0, -18.0, -18.0, -18.0, -18.0, -15.0, -15.0, -15.0, -15.0, -15.0, -10.0, -10.0, -10.0, -7.0, -7.0, -7.0, -4.0, -4.0, -4.0, -4.0, -2.0, -2.0, -2.0, -2.0, -2.0, -2.0, -2.0, -2.0, -2.0, -2.0, -2.0, -2.0, -2.0, -2.0, -2.0, -2.0, -2.0, -2.0, -2.0, -2.0, -2.0, -2.0, -2.0, -2.0, -2.0, -2.0, -2.0, -2.0, -2.0, -2.0, -2.0, -2.0, -2.0, -2.0, -2.0, -2.0, -2.0, -2.0, -2.0, 10.0, 12.0, 14.0, 21.0, 24.0, 28.0, 32.0, 39.0, 44.0, 51.0, 57.0, 63.0, 70.0, 78.0, 86.0, 94.0, 103.0, 111.0, 121.0, 125.0, 125.0, 129.0, 129.0, 133.0, 133.0, 133.0, 133.0, 137.0, 137.0, 141.0, 141.0, 145.0, 145.0, 149.0, 149.0, 154.0, 154.0, 159.0, 159.0, 164.0, 164.0, 169.0, 169.0, 169.0, 169.0, 169.0, 169.0, 169.0, 169.0, 169.0, 169.0, 169.0, 169.0, 169.0, 169.0, 169.0, 169.0, 169.0, 169.0, 169.0, 169.0, 169.0, 169.0, 169.0, 169.0, 169.0, 169.0, 169.0, 169.0, 169.0, 169.0, 169.0, 169.0, 169.0, 169.0, 169.0, 169.0, 169.0, 169.0, 169.0, 169.0, 169.0, 169.0, 169.0, 169.0, 169.0, 169.0, 169.0, 169.0, 169.0, 169.0, 169.0, 169.0, 169.0, 169.0, 169.0, 169.0, 169.0, 169.0, 169.0, 169.0, 169.0, 169.0, 169.0, 169.0, 169.0, 169.0, 169.0, 169.0, 169.0, 169.0]}   [['base']]

   nemesis_wendigo_01.dbr                         refs=  23  <-- LIFE TERM
        armorbase05.dbr                                      {'characterLifeModifier': [-71.0, -71.0, -71.0, -71.0, -71.0, -71.0, -71.0, -71.0, -71.0, -71.0, -71.0, -71.0, -71.0, -71.0, -71.0, -71.0, -71.0, -71.0, -71.0, -66.0, -61.0, -56.0, -51.0, -46.0, -41.0, -36.0, -31.0, -26.0, -21.0, -21.0, -18.0, -18.0, -18.0, -18.0, -18.0, -15.0, -15.0, -15.0, -15.0, -15.0, -10.0, -10.0, -10.0, -7.0, -7.0, -7.0, -4.0, -4.0, -4.0, -4.0, -2.0, -2.0, -2.0, -2.0, -2.0, -2.0, -2.0, -2.0, -2.0, -2.0, -2.0, -2.0, -2.0, -2.0, -2.0, -2.0, -2.0, -2.0, -2.0, -2.0, -2.0, -2.0, -2.0, -2.0, -2.0, -2.0, -2.0, -2.0, -2.0, -2.0, -2.0, -2.0, -2.0, -2.0, -2.0, -2.0, -2.0, -2.0, -2.0, 10.0, 12.0, 14.0, 21.0, 24.0, 28.0, 32.0, 39.0, 44.0, 51.0, 57.0, 63.0, 70.0, 78.0, 86.0, 94.0, 103.0, 111.0, 121.0, 125.0, 125.0, 129.0, 129.0, 133.0, 133.0, 133.0, 133.0, 137.0, 137.0, 141.0, 141.0, 145.0, 145.0, 149.0, 149.0, 154.0, 154.0, 159.0, 159.0, 164.0, 164.0, 169.0, 169.0, 169.0, 169.0, 169.0, 169.0, 169.0, 169.0, 169.0, 169.0, 169.0, 169.0, 169.0, 169.0, 169.0, 169.0, 169.0, 169.0, 169.0, 169.0, 169.0, 169.0, 169.0, 169.0, 169.0, 169.0, 169.0, 169.0, 169.0, 169.0, 169.0, 169.0, 169.0, 169.0, 169.0, 169.0, 169.0, 169.0, 169.0, 169.0, 169.0, 169.0, 169.0, 169.0, 169.0, 169.0, 169.0, 169.0, 169.0, 169.0, 169.0, 169.0, 169.0, 169.0, 169.0, 169.0, 169.0, 169.0, 169.0, 169.0, 169.0, 169.0, 169.0, 169.0, 169.0, 169.0, 169.0, 169.0, 169.0, 169.0]}   [['base']]
