CharacterActionPermission matrix — GameEngine+0x2802c, [newType][curType], 26x26
default fill = 2 (rep stosd 0x2a4 dwords)

       0  1  2  3  4  5  6  7  8  9 10 11 12 13 14 15 16 17 18 19 20 21 22 23 24 25
new= 0  2  2  2  2  2  2  2  2  2  2  2  2  2  2  2  2  2  2  2  2  2  2  2  2  2  2
new= 1  0  2  2  0  0  0  2  2  2  2  2  2  2  2  2  2  2  2  1  1  0  1  1  2  2  0
new= 2  2  2  2  2  2  2  2  2  2  2  2  2  2  2  2  2  2  2  2  2  2  2  2  2  2  2
new= 3  0  0  2  2  2  2  2  2  2  2  2  2  2  2  2  2  2  2  1  1  1  2  2  2  2  2
new= 4  0  0  2  0  0  0  1  1  3  2  2  2  2  2  2  2  0  2  0  1  2  1  1  2  0  0
new= 5  0  0  2  0  0  0  1  1  0  2  2  2  2  2  2  2  0  2  0  1  2  1  1  2  0  0
new= 6  0  0  2  0  0  0  1  2  0  2  2  2  2  2  2  2  0  2  0  2  2  2  2  2  0  0
new= 7  0  0  2  0  0  0  1  1  0  2  2  2  2  2  2  2  0  2  0  2  2  1  1  2  0  0
new= 8  0  0  2  0  0  0  0  1  3  2  2  2  2  2  2  2  0  2  0  1  2  2  2  2  3  0
new= 9  0  0  2  0  0  0  0  1  0  0  2  0  0  0  0  2  0  2  0  2  2  1  1  2  0  0
new=10  2  2  2  2  2  2  2  2  2  2  2  2  2  2  2  2  2  2  2  2  2  2  2  2  2  2
new=11  0  0  2  0  0  0  0  1  0  0  2  0  0  0  0  2  0  2  0  2  2  1  1  2  0  0
new=12  0  0  2  0  0  0  0  1  0  0  2  0  0  0  0  2  0  2  0  2  2  1  1  2  0  0
new=13  0  0  2  0  0  0  0  1  0  0  2  0  0  0  0  2  0  2  0  2  2  1  1  2  0  0
new=14  0  0  2  0  0  0  0  1  0  0  2  0  0  0  0  2  0  2  0  2  2  1  1  2  0  0
new=15  0  0  2  0  0  0  0  0  0  0  0  0  0  0  0  2  0  2  0  0  2  0  0  0  0  0
new=16  0  0  2  0  0  0  0  1  0  2  2  2  2  2  2  2  2  2  0  2  2  2  2  1  0  0
new=17  2  2  2  2  2  2  2  2  2  2  2  2  2  2  2  2  2  2  2  2  2  2  2  2  2  2
new=18  0  0  2  0  0  0  0  0  0  1  1  1  1  1  1  2  2  2  2  2  2  2  2  2  0  0
new=19  0  0  2  0  2  2  2  2  2  2  2  2  2  2  2  0  2  2  0  2  2  2  2  2  2  0
new=20  0  0  2  0  0  0  2  2  2  2  2  2  2  2  2  0  2  2  0  2  2  2  2  2  2  0
new=21  0  0  2  0  1  0  2  2  0  2  2  2  2  2  2  0  0  2  0  2  2  2  1  2  0  0
new=22  0  0  2  0  0  0  2  2  0  2  2  2  2  2  2  0  0  2  0  2  2  2  2  2  0  0
new=23  0  0  2  0  0  0  2  2  0  2  2  2  2  2  2  0  1  2  0  2  2  2  2  1  0  0
new=24  0  0  2  0  0  0  0  1  3  2  2  2  2  2  2  2  0  2  0  1  2  2  2  2  0  0
new=25  0  0  2  2  2  2  2  2  2  2  2  2  2  2  2  2  2  2  1  1  1  2  2  2  2  2
