353 0
354 0
355 0
356 0
357 0
358 0
359 0
360 0
361 0
362 0
363 0
364 0
365 0
366 0
367 0
368 0
369 0
370 0
371 0
372 0
373 0
374 0
375 0
376 0
377 0
378 0
379 0
380 0
381 0
382 0
383 0
384 0
385 0
386 0
387 0
388 22890
389 22890
390 22890
391 22890
392 22890
393 22890
394 22890
395 22890
396 22890
397 22890
398 22890
399 22890
400 22890
401 22890
402 22890
403 22890
404 22890
405 22890
406 22890
407 22890
408 22890
409 22890
410 22890
411 22890
412 22890
413 22890
414 22890
415 22890
416 22890
417 22890
418 22890
419 22890
420 22890
421 22890
422 22890
423 22890
424 22890
425 22890
426 22890
427 22890
428 22890
429 22890
430 22890
431 22890
432 22890
433 22890
434 22890
435 13
436 13
437 13
438 13
439 13
440 13
441 13
442 13
443 13
444 13
445 13
446 13
447 0
448 0
449 0
450 0
451 0
452 0
453 0
454 905
455 905
456 905
457 905
458 0
459 0
460 0
461 0
462 0
463 0
464 0
465 0
466 0
467 0
468 0
469 0
470 3
471 3
472 3
473 3
474 3
475 3
476 0
477 0
478 0
479 0
480 0
481 22890
482 22890
483 22890
484 22890
485 22890
486 22890
487 22890
488 22890
489 22890
490 22890
491 22890
492 22890
493 22890
494 22890
